	16S_1	16S_106	16S_107	16S_108	16S_109	16S_110	16S_111	16S_112	16S_113	16S_114	16S_115	16S_116	16S_118	16S_119	16S_120	16S_13	16S_130	16S_131	16S_132	16S_142	16S_143	16S_15	16S_154	16S_155	16S_16	16S_166	16S_17	16S_177	16S_178	16S_18	16S_180	16S_189	16S_19	16S_190	16S_2	16S_20	16S_25	16S_26	16S_27	16S_28	16S_29	16S_3	16S_30	16S_31	16S_32	16S_33	16S_38	16S_39	16S_4	16S_41	16S_42	16S_43	16S_44	16S_45	16S_5	16S_57	16S_6	16S_61	16S_62	16S_63	16S_64	16S_65	16S_66	16S_67	16S_68	16S_69	16S_7	16S_74	16S_75	16S_76	16S_77	16S_78	16S_79	16S_80	16S_81	16S_93	inv_soil_10	inv_soil_11	inv_soil_12	inv_soil_13	inv_soil_207	inv_soil_217	inv_soil_37	inv_soil_38	inv_soil_40	nat_soil_F13	nat_soil_F15	nat_soil_F20	nat_soil_F21	nat_soil_F23	nat_soil_F25
16S_1	0.0	0.22634550798383138	0.2550267703081796	0.20938628243280777	0.2707334056050413	0.210144950342989	0.22583324935976426	0.27213957678572026	0.27012967881746186	0.3291132982011618	0.25457595689941404	0.21723013091004148	0.27101444098850236	0.21016037680618302	0.25129964160687773	0.3129760574806898	0.3092109262145617	0.23117225486216741	0.24793187268176486	0.2944758554370993	0.2674746513679821	0.20364015382045556	0.23603022149193054	0.18161291970260285	0.3157841175516915	0.2208279913733381	0.3745038524484132	0.22875608527331556	0.189189231371609	0.34103719897517715	0.2672849023843909	0.23510613511878944	0.39150678304900116	0.26626134050287054	0.12301971949559856	0.3125745767216921	0.2444258944809789	0.21938589618142423	0.2291833480837413	0.1864846061053554	0.2121122636177407	0.2785338132046069	0.27051051649473484	0.40487526347378894	0.3391929155539375	0.29936334453609537	0.305223730036697	0.33533485418625014	0.3012254971849	0.24875891220204696	0.31884926901811256	0.2613816165787055	0.28977553607703493	0.2202828211748069	0.2990832735654346	0.23563742447535646	0.24047388901425293	0.4012205060757653	0.38326382814208043	0.34882577957894656	0.3294354734399431	0.3421054942685193	0.31766914823942055	0.32278758290728654	0.35744881831056285	0.21094967021265953	0.23416730737648558	0.18423681643571432	0.2815081112163857	0.1963018820198195	0.2428941129731383	0.27128752454424193	0.24346435629609064	0.21394888288351607	0.2429210227826672	0.26395160178774507	0.2798237831159235	0.28110119617398466	0.2965296531490769	0.28621009645349094	0.27274521957542325	0.27681212485374934	0.29755120631096393	0.3797239918769015	0.28698608463885816	0.2775545181228219	0.296824720163238	0.19672104063751591	0.31658756706762975	0.3304346826144786	0.30736898360284737
16S_106	0.22634550798383138	0.0	0.1922956447205176	0.24889562195390003	0.27853312519777895	0.1670381370470352	0.17761372612657775	0.30051594304457796	0.25403155961828255	0.330438361178743	0.29369548622197017	0.2779031040451911	0.25180984485752245	0.18793776632649892	0.2818133920452328	0.34842519327063187	0.31886637038091076	0.14447921198146618	0.2723865452390204	0.30931085781004475	0.23783373611068206	0.24486615766998082	0.2193237347411664	0.15717170837779837	0.32480094936973414	0.1469156498042602	0.39664843438800057	0.2509961900850481	0.15134566471338012	0.37823597048572444	0.1880979000365024	0.13642114591285148	0.4114035488542363	0.24907400272852598	0.21976505495273163	0.3452247531082262	0.26763058060128225	0.22501319750608195	0.22471736617084304	0.2339811543569549	0.22337891052966447	0.31684461065168174	0.3123015824238964	0.43822007965437126	0.3719291476910687	0.2841106953838715	0.3255295593513386	0.2607777673334422	0.33267546884157745	0.17176711017995397	0.2940627214359623	0.2573782002770298	0.3005821190960785	0.2277701535825995	0.30918569454878503	0.2460600854727598	0.20881284589312843	0.4375895418543426	0.4143278054976733	0.3595627152930848	0.35842169107631094	0.37493430628242397	0.34907516939539324	0.3694949461067416	0.3740742580159444	0.22599162522078953	0.28289027872297495	0.2677706610670127	0.317582014470592	0.2656420632071771	0.25320107795362673	0.2676872874486803	0.2407053132353757	0.20394017506546405	0.2884617000440829	0.3059640198970132	0.30772428015193637	0.2730787977508633	0.32960134846956424	0.322828767616399	0.26158261585769954	0.25451084923552475	0.3136773748109518	0.3306757524281074	0.2746804045538505	0.2969222346394579	0.3367443549745502	0.2698808251343494	0.34206599017347994	0.34854064299681436	0.34293487694540953
16S_107	0.2550267703081796	0.1922956447205176	0.0	0.2951848767315499	0.3154520075731442	0.18627242724019888	0.18015684351485103	0.34878520692711285	0.3119182337749234	0.3210544915960201	0.3233018876548876	0.30609998863939136	0.32788190665677486	0.14692238064764573	0.32937999837950277	0.2595109279793814	0.36510390198695897	0.15410317784907954	0.33654425099446544	0.3728328088364539	0.30212984664941517	0.2206536296788061	0.28280632585822146	0.19272460875195283	0.321211554100003	0.1540911288157097	0.35946809643565275	0.3108448808667608	0.16166107970530721	0.3589219387715696	0.16916479237566553	0.17932993009583165	0.3831716277635484	0.3006103994329327	0.24780646567608008	0.3483952945989235	0.3295628757864766	0.22762808779249014	0.2293272132813583	0.2499314083030151	0.20972175178371255	0.35568512896343646	0.2672656468859809	0.3893224224145675	0.35534485982009184	0.2702238193083056	0.331007146001983	0.2808306468076927	0.3684151606296173	0.16814209592492868	0.25446239441872404	0.2196194438936456	0.31919938009240456	0.3013388467489355	0.31602402768797755	0.3079458692671445	0.17261213702864986	0.4037729617907462	0.38839791854591277	0.3531355332984575	0.36253571554282044	0.33191933094415627	0.3356882963050196	0.3709148512507105	0.34993663573377715	0.2799163704156961	0.2921693120047327	0.3144603273483551	0.2578667581640041	0.31965254220815453	0.26859162781998885	0.2590778394631167	0.2963630572446234	0.20299891419662536	0.32647381654289864	0.3599136780001865	0.3396687873852875	0.3103076952100868	0.35085512118708134	0.3529353576502234	0.31100338607756595	0.23568315935065767	0.3669201532958125	0.3513965966445355	0.3057373950804423	0.2800464553781018	0.3222411739473879	0.27974792855765046	0.3421528350310635	0.2806948518225032	0.3141611221421842
16S_108	0.20938628243280777	0.24889562195390003	0.2951848767315499	0.0	0.2759046418257933	0.2804227187296824	0.27248423465094235	0.2636581114923801	0.22255225372107965	0.31572029464491125	0.2891780526757915	0.26408727392699166	0.22582583863384725	0.24620503774072147	0.16556756752185092	0.3583314022065831	0.3062557797842749	0.2834325802382155	0.15724498980478702	0.29272568866365123	0.23216173701659318	0.2201913379733036	0.21137078950772115	0.23269088279842418	0.2801196208059721	0.26456417613636557	0.3513444523562889	0.2034067649225807	0.26811941806834716	0.29327907162013084	0.31756216679220517	0.2735088099258671	0.3561673291317772	0.21149606462444792	0.21651147749979102	0.2638780208848284	0.2556602798295745	0.26797093423702806	0.2656615621099961	0.24255534866184275	0.24842866005119352	0.26178547287230125	0.31152074283878706	0.3915558910014785	0.28898023087264724	0.2933033517624491	0.26398507864102283	0.3397339635112482	0.28154314583494405	0.28610475241487954	0.3196906859200236	0.2956596994177324	0.2883643519929544	0.2086533856845119	0.27422897995001355	0.21292571198026178	0.2751260753261057	0.40696407775822646	0.3567603985872672	0.2983395338063015	0.30071433261797575	0.3185304700394694	0.28124838926900153	0.27174604858818013	0.3212788103514427	0.22208066229827686	0.25352718015481834	0.2184923526101708	0.3129152864807224	0.2195657723540667	0.2351252157233703	0.2641939938145975	0.21364473572602266	0.22105284947493065	0.23305539363636674	0.24909814536575606	0.27739070559924156	0.2706134062325414	0.2670773737282455	0.2793079366846852	0.272241187744544	0.32237497695907724	0.291333066382387	0.3572956167978	0.2911305609809331	0.2703441398824543	0.24849372378671536	0.25978784792675097	0.26536020241746133	0.33088605590422593	0.289479801138124
16S_109	0.2707334056050413	0.27853312519777895	0.3154520075731442	0.2759046418257933	0.0	0.2693144423037202	0.2863641740902967	0.18279282414796166	0.3129691660266289	0.253539032852932	0.40715979369798555	0.3741796074454596	0.3100594783076786	0.2678990506018104	0.3294228082171916	0.3763678920155569	0.14359846164079682	0.29022796181809457	0.31630304349290034	0.158286197836965	0.29866245082104725	0.2795536059684847	0.27329129487325865	0.2486256399140383	0.3233404516101064	0.29330877174770714	0.3929016848925587	0.2760203450750646	0.2900563637024729	0.34997898863413085	0.3276490787840764	0.3037435497342798	0.390182219921629	0.28208383788582	0.26241265702818334	0.3128566586005462	0.37078722006257137	0.30990281416524396	0.32549532261319264	0.339606119260082	0.29196019100387594	0.24573470500327327	0.34288671946037524	0.4329987136561983	0.3456553742292321	0.30936311760895324	0.30232588321940984	0.35890819989109934	0.26335728803268865	0.3110463828916283	0.287865685299324	0.30231634331358814	0.23708782672327514	0.287822392441114	0.27955986179203374	0.27835128340290505	0.3013298076024401	0.43105053244086816	0.39322210677830044	0.353429702174933	0.3170650608503014	0.349513241224336	0.3227780816366803	0.3372164082300237	0.36465683352724043	0.2889407075802247	0.2936296528016683	0.29291251452358513	0.3533948986981947	0.2909583591447187	0.30461747506637527	0.29805056687459736	0.3050280814086483	0.2613133534336376	0.2338545146781205	0.35379039819721836	0.26431263871230015	0.29050458706332666	0.26145550342022145	0.27944743168422265	0.22349410036765274	0.3233612450656904	0.20841642412718117	0.24664178028824219	0.32874880465872486	0.29161348547624305	0.31394328008778055	0.2854218678953251	0.29433399335881577	0.346204913517779	0.30500575149468373
16S_110	0.210144950342989	0.1670381370470352	0.18627242724019888	0.2804227187296824	0.2693144423037202	0.0	0.15421722244618807	0.27864085016724843	0.2924530357775409	0.3135178786256806	0.32331599551168844	0.2913760738517034	0.30394081668935685	0.18375127095205387	0.31677028082720476	0.2946895565023184	0.3089739075123557	0.17531863368190598	0.30677316227798734	0.30456875696166885	0.27639716965319455	0.24576552069133456	0.2660053658178015	0.13568578343218543	0.33835918483012417	0.17911224544774165	0.3795085146518005	0.27103582802796594	0.13606373174518066	0.36608347670377417	0.17381075584336692	0.1948339132769497	0.3959322275508078	0.2921727167039388	0.19121021636246768	0.3299325336389197	0.29937713332005295	0.22633999450006426	0.24528920856227732	0.25023215485686395	0.22084155043887363	0.3138076559917932	0.2577381630280638	0.4118046428712006	0.37421224022965177	0.28589093126458026	0.2985800790147394	0.2856939497990491	0.32826048890481624	0.1743632211777998	0.2564680592542634	0.2025566570846499	0.2773918110320223	0.26019403790223405	0.326472201544479	0.27445995960058234	0.20015984648471982	0.4186500736068552	0.39172066651061216	0.3740228978856666	0.3266157218880135	0.35074520164344547	0.33183068725237624	0.3620870410626235	0.3758707936601325	0.24330636452804758	0.2576727185754914	0.27167145879527466	0.31211769238173137	0.25797081436920527	0.26967009837769	0.28104922595390325	0.28076648837377755	0.19762115666872762	0.2910131576695784	0.31514628968699415	0.28723391618183286	0.28281886924767213	0.33351323521000437	0.3024262823963402	0.27310556037895284	0.221905592184084	0.3019398021325844	0.36242777667776965	0.28407222867258286	0.2874694705574409	0.32687361151781535	0.24059539720782694	0.3213386863554173	0.3216734391069068	0.31768869845000364
16S_111	0.22583324935976426	0.17761372612657775	0.18015684351485103	0.27248423465094235	0.2863641740902967	0.15421722244618807	0.0	0.3251212967264477	0.31218148002093243	0.29956476486072553	0.3215281266344178	0.3076618389179004	0.32222542071356036	0.18392972037322625	0.31307822208515446	0.29221482530560994	0.3281213341143416	0.16596753516766552	0.3103901177085014	0.33430935730774913	0.2976305151953497	0.22553165166123662	0.2749351951249213	0.18683315524821173	0.33830663692670854	0.17333984648346842	0.3640717189324427	0.2951954837872874	0.16879081082038716	0.34625229870868457	0.1592238131715881	0.1607802956314207	0.38581212487434696	0.29306389563228785	0.19852338625938515	0.3155410220853606	0.3150886425810769	0.2151225417117809	0.26100691944868276	0.2623796582082722	0.18269849058472087	0.3485617809174159	0.2584548187402736	0.4003806726197712	0.3513897944482077	0.28318281026978154	0.31905858734863585	0.2855360833111699	0.36253715673484765	0.17179963174809487	0.26648002126980036	0.21120312745318964	0.27811456556262354	0.28550175469848804	0.3287328347390335	0.30104527384103524	0.20388521538244123	0.4079017781530539	0.3826500957331046	0.36618617756383987	0.3319011394718745	0.3415156222345291	0.3214113125648999	0.34686806092555345	0.36033567483098666	0.2715692100164313	0.26253290448523753	0.278820017471077	0.2982688969568976	0.2774969330039293	0.29623175856888145	0.2676151324487772	0.3038050059145696	0.1977130600711457	0.31334662085124076	0.3437097235922753	0.3385197811100188	0.3094061147759155	0.34117857170841487	0.3594556235997669	0.30445523315748524	0.24960703696105557	0.3324632292440736	0.3531537463182722	0.312978591366119	0.28706233852160074	0.3130271437296599	0.24524141872187757	0.3063385204442211	0.3126411040606076	0.3121486553242915
16S_112	0.27213957678572026	0.30051594304457796	0.34878520692711285	0.2636581114923801	0.18279282414796166	0.27864085016724843	0.3251212967264477	0.0	0.29361431687456974	0.26846589902391343	0.38116061097638715	0.3483612832912977	0.2855258696814224	0.287445899887203	0.30799097679077914	0.4088334133705861	0.19657686390525042	0.3186494855075106	0.29326888380082317	0.18545643331790948	0.2791859616863084	0.286213525312494	0.2676620256146826	0.24778660331811125	0.301453167384616	0.30929210760728	0.3946266430980027	0.2400275840402507	0.29133995168865173	0.3374185599663507	0.3611959334905873	0.32927642993944056	0.3713038273637074	0.2682960745707716	0.2702347000293181	0.3136067128267907	0.3398154707259061	0.326048739615404	0.3324801593773635	0.33389374114276704	0.32681573806279185	0.1995193389577718	0.357397739903228	0.43077693357319957	0.33131943960537563	0.33064643151368805	0.28661170982304146	0.388979742122975	0.22373622140262864	0.34192784573692	0.30208710359417823	0.3243259931432786	0.2476929551991731	0.25865026657697976	0.2552771488292079	0.253151161835214	0.31546899969750763	0.4230321386171159	0.38106681548069654	0.33469760480041316	0.3033008833969059	0.3539410546136683	0.3146567936602392	0.3132916698549403	0.3507724585562013	0.2784424192345783	0.29554892840304536	0.27086155430518016	0.3674786820781179	0.2653160044371356	0.3010948421946435	0.3111409500976885	0.29024895144749685	0.2767415601527243	0.19618518118082576	0.313577777938973	0.2135842018921859	0.26585198100672797	0.21464845545075187	0.20629848306898294	0.21508960915359865	0.31888373126802405	0.1597823348387275	0.31739672227127236	0.3176974141273222	0.28865098699837144	0.3036377323223649	0.2824952736012835	0.2862347065529369	0.3572314525919996	0.31273328401043055
16S_113	0.27012967881746186	0.25403155961828255	0.3119182337749234	0.22255225372107965	0.3129691660266289	0.2924530357775409	0.31218148002093243	0.29361431687456974	0.0	0.3530490567953443	0.26853615061719754	0.24069980163613566	0.16972471804047032	0.28344438367606234	0.2221841861915523	0.41425385046880886	0.3462205272353549	0.28117277716834643	0.22381359740679588	0.31980553651926813	0.16262547369550157	0.2621309846339105	0.2045070042413559	0.2534957062303902	0.317678637776821	0.27830102674068036	0.4059405977654959	0.1694335975010425	0.2775847217372861	0.38050355178079914	0.3218536011957864	0.27986590638989134	0.4364815219550219	0.18252934268081022	0.2825406472811742	0.3404859239975688	0.24418532774788793	0.29479472493976666	0.2877428368691338	0.2546738909573984	0.31937399293624386	0.2821935204225968	0.38821958525053235	0.4514731587330519	0.3491520782535343	0.3210888432287908	0.3412142847103736	0.32950126389032913	0.2852857300418499	0.29099018811202965	0.32669338001820514	0.36196430675549995	0.31704777703690673	0.17959108696169415	0.3075001264015861	0.17392650023189832	0.31778436755523953	0.46435765620963904	0.4226114175046936	0.3391672490092786	0.37575009046723595	0.38941067870508017	0.3512804715928327	0.33686852044359356	0.3744122204681157	0.21053500112721268	0.34038220448113266	0.2735100321236515	0.3535720728993738	0.28463331921391927	0.24709670092643285	0.3031843170662202	0.17113807861205413	0.2583022565107305	0.2680803682082325	0.2263705309082285	0.29645440932433903	0.2575484548662924	0.3106694149376164	0.2903911541583703	0.27954051827822435	0.37950372255011333	0.3279942072618316	0.37223776373062645	0.31759388695643187	0.3386570042144279	0.33020592051702985	0.33034004033717995	0.3444536110317654	0.4085233634169294	0.35168580415983103
16S_114	0.3291132982011618	0.330438361178743	0.3210544915960201	0.31572029464491125	0.253539032852932	0.3135178786256806	0.29956476486072553	0.26846589902391343	0.3530490567953443	0.0	0.4483996121346642	0.42576432679053666	0.3405734885908193	0.29441026988041175	0.3801826249372391	0.3231461740559547	0.26768141172966436	0.3234685135673068	0.361463325230472	0.2934271205848386	0.3350374411405492	0.3060811585091846	0.31116752462652436	0.3045122173145481	0.25641127794537805	0.35321682789813624	0.3189295775538561	0.3232363084240913	0.3434670844790674	0.28201592085676325	0.3446770806413326	0.35199361727166856	0.30472500199599695	0.2778967687871006	0.30743424266098207	0.2727260479205912	0.4385649796230678	0.33772695987323137	0.34661873499634227	0.38701533983461994	0.3022145292867469	0.2949846474381198	0.3127174832566885	0.37481579647839214	0.2923127488851548	0.2477571061010978	0.29063159168301633	0.34319418054677253	0.31303039248348224	0.32842953301368605	0.25084056075365047	0.2912222241101204	0.14509107957168474	0.35364734368775624	0.2764466715041105	0.3032870381952326	0.3390223184224266	0.3486366730505475	0.3355803055391637	0.28353256742869837	0.29237540831671505	0.261265631645059	0.27735583457981056	0.2995648991154013	0.2798073808586822	0.361254210322031	0.310148761104	0.3586859586081689	0.30589473204438483	0.3643907540510178	0.3542598449354488	0.22322938941401269	0.3259174599537466	0.29468394976100404	0.3143097860435672	0.4197652681916635	0.3289504703452629	0.3688195008774904	0.2848037351088161	0.3405989096597648	0.28673589177092945	0.35494269854719274	0.2723168858903817	0.28393207440871665	0.35324473991385963	0.26036075597137137	0.27538682405275255	0.30735208306697764	0.2648307556031934	0.30086836433069003	0.2559563962656667
16S_115	0.25457595689941404	0.29369548622197017	0.3233018876548876	0.2891780526757915	0.40715979369798555	0.32331599551168844	0.3215281266344178	0.38116061097638715	0.26853615061719754	0.4483996121346642	0.0	0.16654345142959492	0.30228838805426467	0.32519686521516283	0.26778025353426776	0.4089372902637293	0.4480332955852926	0.2885744476460458	0.2828302610541632	0.4158159572430514	0.29431788181963886	0.2987480381606721	0.3157476912993057	0.30204223085758664	0.39119658335217034	0.26961627287233886	0.46135121189038425	0.30505924689373526	0.27573411016784105	0.45458226514823336	0.3217511871261475	0.2779801115209264	0.5025762651969944	0.3175664805136626	0.27838784448998444	0.419487996847278	0.21825754549169024	0.3128309017665844	0.2798181344586431	0.20390802907744987	0.31172152465729713	0.3646479790461431	0.38611991149743663	0.4857358306876015	0.4248754802432789	0.406415799570551	0.40779175067891477	0.39221957020150716	0.3602272736987292	0.28051288021113097	0.3935513807844578	0.38690797202991667	0.42709530026530884	0.2869210287749867	0.39567348581195777	0.3220801107462761	0.32468793201241736	0.5125694025720482	0.47314894481278663	0.42659241290067407	0.4586890364340423	0.45709815816319704	0.4283184348884443	0.41287905196448677	0.43549024766886596	0.2752760644294204	0.36704740845362943	0.29560097553917264	0.369611826317334	0.31386664308131423	0.29628713751983027	0.36501507414685935	0.2748678101483368	0.31441664906919997	0.34210704307192913	0.24956854199760542	0.3654662248524703	0.32223641465884734	0.3913770511643852	0.34474871272434965	0.3718124611843008	0.38809368896304475	0.425748585476774	0.47075181686616396	0.35583369176541274	0.4048559705188832	0.3981421226213349	0.30161120141649067	0.43029171242923053	0.4412060778536683	0.43071233887558613
16S_116	0.21723013091004148	0.2779031040451911	0.30609998863939136	0.26408727392699166	0.3741796074454596	0.2913760738517034	0.3076618389179004	0.3483612832912977	0.24069980163613566	0.42576432679053666	0.16654345142959492	0.0	0.27999223904588966	0.2941300532519183	0.2630406250359767	0.3724973960420597	0.41690669971830197	0.28759303344796217	0.2673687329587766	0.38634276679570695	0.2639881386472735	0.2570349742881276	0.28072185689911333	0.269332128789693	0.3636023292932202	0.2625066165393799	0.42130441451493683	0.2609000046710279	0.2532063652863653	0.4110261149828	0.3280671978484326	0.2861693787749137	0.4647088046696027	0.27681549783798304	0.23886469479082956	0.3900490230059107	0.2142393040996761	0.2912296938938461	0.2586172287175897	0.17067002804571285	0.28887185133562965	0.32407994579181554	0.34856626330426455	0.44330545911536184	0.4016514302395611	0.3798268845099956	0.3610524499097709	0.37863289901916136	0.32218772081038494	0.2839832296714924	0.3684870147556674	0.34312631675439853	0.39381520223339994	0.24753341217119304	0.3526432556923295	0.2831181656738758	0.2942087776289734	0.47012700044144984	0.43370517949926446	0.3896644263791663	0.4179041984603373	0.4208280323651398	0.38868953780538334	0.38489736282285375	0.4055848618438257	0.24944361050783354	0.33762790597437226	0.2486477635450762	0.3269355312004438	0.25780013677641234	0.26723698678718066	0.3345046988290094	0.23872255483490754	0.2780546040582777	0.2921995337523619	0.22838170541482522	0.31411958037850324	0.30800338544231587	0.34719283933007444	0.3076725312374678	0.34230308062586506	0.34752139129525844	0.3952028081673357	0.45606752610562856	0.33218552858842304	0.3570390954955342	0.362072839856576	0.27695781211996573	0.3955751718006744	0.3925870108268421	0.39288544593687036
16S_118	0.27101444098850236	0.25180984485752245	0.32788190665677486	0.22582583863384725	0.3100594783076786	0.30394081668935685	0.32222542071356036	0.2855258696814224	0.16972471804047032	0.3405734885908193	0.30228838805426467	0.27999223904588966	0.0	0.2876093934310766	0.22074259518445333	0.428137391264926	0.33704031661630557	0.2853307283283622	0.21387228368209657	0.310687247805127	0.164584378174649	0.26618565951621975	0.14912878327795848	0.26018947322950603	0.3366311665043141	0.2891428496263425	0.41993078790047456	0.16282043808945867	0.290185011604477	0.38847182127785496	0.33001590408165205	0.2750943661822528	0.4396231224857634	0.16508862048839104	0.2803882576648258	0.34077927386448403	0.24824512252296668	0.29760737194230186	0.28072832454319047	0.2818482997815003	0.3169772853249538	0.28034936719210196	0.39201540163193793	0.4661104245375395	0.37036749291670457	0.30347037133587756	0.35150715999656007	0.3144642637271662	0.2990219908569459	0.30363073242245603	0.3386918196763388	0.36782460973073394	0.303109079332186	0.15890611829433457	0.29743869277889307	0.1500410264918033	0.3286759869767056	0.47783875704209533	0.4363102198952011	0.36030314179794926	0.3825660286853577	0.4020415024170726	0.36667930711629015	0.35384839181276995	0.38682998831383164	0.1908402339567482	0.32911486365167353	0.2532462829229261	0.37872114287434894	0.2684450633213102	0.23660535292693038	0.29368701809430553	0.16370807223755987	0.26104854618534096	0.25841785149749946	0.23778767930446756	0.2890911810054568	0.25019793338073315	0.30548321504663795	0.28597867154932916	0.27167012988435574	0.3771105862523443	0.31557677024810654	0.3505120977602426	0.2923085363803442	0.34176600095539694	0.342007132650118	0.3175321275503378	0.3482136857738683	0.42393794002558594	0.3706966038500912
16S_119	0.21016037680618302	0.18793776632649892	0.14692238064764573	0.24620503774072147	0.2678990506018104	0.18375127095205387	0.18392972037322625	0.287445899887203	0.28344438367606234	0.29441026988041175	0.32519686521516283	0.2941300532519183	0.2876093934310766	0.0	0.28391564116448753	0.2703440759997804	0.31630494016742766	0.1725906018286624	0.288277084244765	0.3216778921233712	0.263182940258715	0.18607057823291603	0.24335557857809925	0.15673503693735216	0.2866287921380184	0.15862216959303285	0.3451192202894024	0.25441402037451993	0.15166545270243081	0.3119962366738065	0.19990933265839592	0.1818326344603725	0.35067831232911656	0.26281082747467066	0.21302660483578678	0.3042818318032644	0.3155516396057401	0.21227042132213528	0.22437502580992882	0.24738568062723754	0.20273191084657657	0.2989350900241118	0.26357742183482424	0.374361941641729	0.32572114191711427	0.2602478978017758	0.28907247311613526	0.29245702719631816	0.30871861787231525	0.1875009732901155	0.25617100968536305	0.22671470310506456	0.29506180486828065	0.257861931707617	0.2643557847480348	0.2628959299420565	0.17103305368076835	0.3913182081516981	0.3537465018895466	0.3138825679152546	0.3253030159909208	0.3088192282015461	0.3075313842936548	0.3374270132246203	0.3239555338337789	0.25021710014160203	0.23739899563917613	0.26775882448413324	0.24442608191081458	0.2716165533710834	0.24475885276125567	0.22736138178676382	0.2631184428275089	0.16402614100339866	0.2693290229710524	0.32755930686677026	0.28728662255775744	0.2793493963011579	0.3017364540090311	0.30554862483923056	0.27030241575105807	0.22428114280165837	0.3062477451610825	0.3265474341673437	0.25726490116820283	0.24295448970273822	0.2723235530148038	0.2657833822239695	0.3031022380046836	0.273380425362096	0.2947221362883189
16S_120	0.25129964160687773	0.2818133920452328	0.32937999837950277	0.16556756752185092	0.3294228082171916	0.31677028082720476	0.31307822208515446	0.30799097679077914	0.2221841861915523	0.3801826249372391	0.26778025353426776	0.2630406250359767	0.22074259518445333	0.28391564116448753	0.0	0.405937379123952	0.34424964114877177	0.30469643439004573	0.13104693791681615	0.3310675763477871	0.24351897508105702	0.2647041048785734	0.24020485942249356	0.2695571744762924	0.31850503013691445	0.28240245750996773	0.40211806016141655	0.2156941829645243	0.2951031007021993	0.3758538616097031	0.349429395952613	0.29393164728138355	0.4246746352004635	0.23579704186163883	0.2681869249396369	0.32766944023032485	0.2165885253484147	0.29468905171989995	0.28866154039630404	0.26224767228901746	0.2875487352200519	0.29289947944186034	0.3798368620208608	0.43918975066997357	0.3391013157247822	0.36812753649941743	0.3320152138983193	0.37270917041744916	0.30595179985820364	0.32413550345475006	0.37987097818380533	0.35431503903159983	0.34817778867882765	0.20717428642496757	0.32677839299317907	0.23800520135737802	0.322127416507318	0.4616450637830868	0.4181697427299717	0.33717914393428317	0.36945004904888046	0.3944034404825204	0.35898328927181433	0.3272332609516535	0.3832530419914873	0.22804920997202932	0.31864994172408084	0.22911018510464448	0.3553951904372497	0.24665466381473117	0.24563881056236275	0.33558339940551274	0.24079258565395031	0.27654732281327615	0.27382091613648935	0.21363583971435238	0.2994177820820009	0.30502212668104994	0.3186102419458514	0.3092109552587202	0.3106677057421732	0.3635085791699872	0.32996884058914694	0.407450630342713	0.32340364813941364	0.3334447265296417	0.31921396463648394	0.301369865316215	0.3425422570528515	0.402223212905703	0.3674835880263436
16S_13	0.3129760574806898	0.34842519327063187	0.2595109279793814	0.3583314022065831	0.3763678920155569	0.2946895565023184	0.29221482530560994	0.4088334133705861	0.41425385046880886	0.3231461740559547	0.4089372902637293	0.3724973960420597	0.428137391264926	0.2703440759997804	0.405937379123952	0.0	0.39809375410290326	0.3215565786329769	0.4112747244711314	0.41486849968254214	0.4134717289041355	0.28949767048406916	0.38186053641884543	0.31820242547311367	0.3075808102394762	0.29777599053995785	0.30263516163273657	0.38043596231652294	0.3008395314461319	0.31837133035134807	0.2911938973973553	0.3313285715785478	0.3615513027309504	0.3812753423181841	0.2956924842361569	0.32908005716193295	0.4329259294225665	0.3270209522424246	0.3117225117969671	0.33679605422253295	0.24307919719413904	0.3942383566901998	0.2030621871212023	0.3277809756603107	0.3467741275975475	0.2935876038681218	0.31797540163018845	0.3807978673043071	0.40438446625225644	0.3104840974868498	0.2971897280180667	0.24762985936290183	0.33123030644364587	0.4035976584979055	0.3388802540273783	0.3966823772788025	0.27388710114289233	0.3490063210362564	0.3168649582345825	0.32536044061584035	0.3478527504298463	0.2869174065362689	0.3347877154564419	0.36612416775519163	0.3055300007705959	0.3837219062328763	0.2561663684373926	0.3643970053281192	0.17372799698167818	0.36157574793605046	0.33289825065404366	0.27335413639170475	0.3743741189991047	0.2938194075493474	0.3711273126758184	0.4443416374067549	0.3805642452781293	0.4158108907339298	0.37002439659474395	0.4219138961006566	0.40169244540625254	0.2815854873637182	0.39540689292267633	0.4247882743779014	0.3278068655581596	0.2998408136748026	0.3113779375234943	0.30276364216940843	0.3363724591910346	0.21236669410289447	0.31912611769690163
16S_130	0.3092109262145617	0.31886637038091076	0.36510390198695897	0.3062557797842749	0.14359846164079682	0.3089739075123557	0.3281213341143416	0.19657686390525042	0.3462205272353549	0.26768141172966436	0.4480332955852926	0.41690669971830197	0.33704031661630557	0.31630494016742766	0.34424964114877177	0.39809375410290326	0.0	0.3391100668025582	0.32686167793575444	0.15124413890575214	0.3359917282017979	0.3297107163357794	0.3153656471525716	0.2849770234356082	0.33049071759758725	0.3315433676550548	0.40032830538546244	0.3073459028791675	0.33709103749919	0.35740358327938804	0.3738804820124095	0.34626575275096216	0.3863476737259363	0.3053076084644506	0.304413402783985	0.31173320361233775	0.3955643373372376	0.3532069510383314	0.3746763937326609	0.39048886399978017	0.33675793968973994	0.26853659749441217	0.3718404332862658	0.4409887246317625	0.35294217247223386	0.3461807532853534	0.3156993293269382	0.39397977295738945	0.29374849567946454	0.3548656750825084	0.3412473324313413	0.3319752099882213	0.24703063220529778	0.31470322574690673	0.3107897649646498	0.3068969891825797	0.3444091296085044	0.42816649013824404	0.3967259378634313	0.35266536287672506	0.31887563004842695	0.3511564735544727	0.328273643820249	0.34556894955929646	0.3660084075039439	0.32085322277561845	0.30894913883239006	0.3098373186001657	0.37031670380078113	0.3127304649703858	0.34065702131076137	0.32863768614409866	0.347964660906043	0.30848224744794767	0.26587250772101434	0.37593044984493645	0.2830652541607608	0.3323415662380702	0.2739999643318945	0.31682150759477257	0.24803401186016164	0.3502642532062476	0.17680108326546182	0.2560506025567498	0.3454063086893234	0.3028649866136412	0.3279668895594973	0.31340066566411323	0.2982699290056391	0.36324924978579326	0.328922881888093
16S_131	0.23117225486216741	0.14447921198146618	0.15410317784907954	0.2834325802382155	0.29022796181809457	0.17531863368190598	0.16596753516766552	0.3186494855075106	0.28117277716834643	0.3234685135673068	0.2885744476460458	0.28759303344796217	0.2853307283283622	0.1725906018286624	0.30469643439004573	0.3215565786329769	0.3391100668025582	0.0	0.30863261873040304	0.3396127320444917	0.27279025759380177	0.22898339454486785	0.2552504571579208	0.17208285320004646	0.33066106552224095	0.1473549349687558	0.39927523516269636	0.27980183563930056	0.15088386975716248	0.37706504100472243	0.17386550545136814	0.1350671513237155	0.41698941724340505	0.27643247526509496	0.2339872897615953	0.35128271625154317	0.2962755131948983	0.21606577798801274	0.2238154874188121	0.23725606977066743	0.21945432809494567	0.344222537810884	0.3052357805109235	0.4303646846857914	0.36958840516754143	0.28711388286457695	0.3390861105056499	0.2805270179181828	0.35776131512787	0.16633249567514508	0.2655520174941502	0.25817077452777837	0.3176997630468636	0.26645562513746274	0.3143084848284443	0.28376290781243974	0.20799003069704752	0.43224530946449174	0.4076493456535869	0.3642685628430802	0.3578250263556342	0.3719944665041957	0.3452949920587396	0.3737144438833848	0.3786802150081593	0.24141217914317478	0.2859994452748927	0.28814327299387105	0.3056168690217095	0.2889780131063285	0.24692514745353705	0.2770919696845004	0.27298996466482145	0.21537883849853035	0.3071552044549305	0.32871528766089403	0.3303747428609817	0.2877327387504994	0.3541740526292328	0.3401803222051907	0.2864437541092234	0.25732383070785686	0.33866529830819736	0.3373591909684174	0.29671430046215824	0.29917326569577224	0.3288831264682465	0.2650399835943471	0.34223430215809303	0.34353620309130983	0.33989350182119066
16S_132	0.24793187268176486	0.2723865452390204	0.33654425099446544	0.15724498980478702	0.31630304349290034	0.30677316227798734	0.3103901177085014	0.29326888380082317	0.22381359740679588	0.361463325230472	0.2828302610541632	0.2673687329587766	0.21387228368209657	0.288277084244765	0.13104693791681615	0.4112747244711314	0.32686167793575444	0.30863261873040304	0.0	0.3040025228164533	0.224747250844216	0.2700267516493968	0.22677831045246735	0.2519551427193821	0.3235438058350737	0.2847449153570303	0.4102168341321461	0.20042526895926951	0.2877243139344405	0.368509116472186	0.3488415747044967	0.2935059166694778	0.41339065173629885	0.21194526654945384	0.2549090469761188	0.3155669558928886	0.2337605312539212	0.29463878732282367	0.28812133446238103	0.27431476488646594	0.2959024117366257	0.2776569901727726	0.36538021296677786	0.4496595496447565	0.33777787394275116	0.351936319450381	0.31546520816546214	0.36780932201020083	0.2905009377580538	0.32979669343995227	0.3806913134440306	0.3457973521658146	0.32674363629648695	0.19022591060105504	0.31966448579355855	0.2153930218555889	0.31724893065385085	0.4571989357719887	0.4128885731472412	0.3435724229216429	0.34997523056624863	0.3841074579538558	0.3451817497355375	0.3251786355051762	0.37302943373576586	0.2282071163381707	0.29657867160814516	0.2141555683371339	0.3619752347044808	0.23578813172995566	0.250067410548716	0.3173553001363033	0.22626973189363564	0.2736011143965543	0.26277342346291727	0.21321475616440355	0.29085667093641204	0.290390981037698	0.3054150829086853	0.2957056749644157	0.28784402370448364	0.3559396101467499	0.31149051404846906	0.39388940403242184	0.2973297640693784	0.31780761808268404	0.31062741924998194	0.27975283352418556	0.31628902914640156	0.40145684881129856	0.35938021497525624
16S_142	0.2944758554370993	0.30931085781004475	0.3728328088364539	0.29272568866365123	0.158286197836965	0.30456875696166885	0.33430935730774913	0.18545643331790948	0.31980553651926813	0.2934271205848386	0.4158159572430514	0.38634276679570695	0.310687247805127	0.3216778921233712	0.3310675763477871	0.41486849968254214	0.15124413890575214	0.3396127320444917	0.3040025228164533	0.0	0.30957722039580354	0.31854969809193	0.287107530949203	0.27220471754855796	0.3375733296858464	0.329610365299397	0.42109217510711117	0.2714439907183972	0.32059531172338057	0.38091526182601704	0.3779929178761916	0.3452501817568365	0.41762560499889556	0.2952014309385365	0.2962478944948277	0.34036922651635965	0.36425044535866113	0.34828175493273633	0.3542273073102598	0.35969989705743244	0.3428389792849556	0.2363765522985841	0.3834201213780169	0.4629432087374506	0.3692855702565481	0.3570556202020299	0.3369852642616386	0.39346309862594153	0.2641135169216486	0.3606151177270744	0.36183410426962637	0.35245848378866845	0.26233003172676156	0.28188408618881056	0.30017224553614724	0.2692176079885961	0.34697899751315986	0.4481204534556223	0.4246953860267483	0.3623110606705893	0.3454926034730371	0.3741806072579089	0.35802000922026417	0.3606047549001555	0.38974150706316546	0.29526772650977856	0.3192493152750479	0.29090922516331474	0.3836743883434697	0.2836844434481746	0.3253328564891921	0.32937382751306643	0.3132932721616504	0.3143155085660581	0.2356837805396447	0.34410040844993073	0.2530534785436395	0.2961263195998978	0.2618094934028524	0.2743405357148218	0.22642220570872826	0.3531505860888793	0.19580466844742223	0.2943384334058187	0.33055705154557097	0.32748988391826067	0.34654580299334325	0.3142655973930421	0.3239594760480693	0.3992991201905121	0.351256323103311
16S_143	0.2674746513679821	0.23783373611068206	0.30212984664941517	0.23216173701659318	0.29866245082104725	0.27639716965319455	0.2976305151953497	0.2791859616863084	0.16262547369550157	0.3350374411405492	0.29431788181963886	0.2639881386472735	0.164584378174649	0.263182940258715	0.24351897508105702	0.4134717289041355	0.3359917282017979	0.27279025759380177	0.224747250844216	0.30957722039580354	0.0	0.26518871378128317	0.16726499407019854	0.2428418051161403	0.3262973574392567	0.2715407904421123	0.40895129318173196	0.15752826813224233	0.26974155115686177	0.3866780135941079	0.32327310187452873	0.27873791295303146	0.4313589589841124	0.17885975295968023	0.2807777176136293	0.3374291507790452	0.2607875757709294	0.28181140258674037	0.28357047955774256	0.26424019748945643	0.3151187699373886	0.27776642871322504	0.3764943602549717	0.457361070658925	0.3526774441607238	0.29478701262751444	0.329223373825043	0.31836894402873234	0.2782915211029358	0.28988287479289043	0.3327160076146945	0.34622642497376177	0.29734733884699743	0.17655215728152623	0.3037453798758654	0.16309440285543644	0.29928130103729766	0.47338605032404457	0.42561370126600256	0.3500392606525236	0.3543065608573334	0.3814912526463193	0.334322269226046	0.3450370170036269	0.3717369256194599	0.21124351493341487	0.32206841825719174	0.2606367567790199	0.35195917037892815	0.26041978218857015	0.25469408210231276	0.27596773389286056	0.17624728154989683	0.25864147779555147	0.2612565270407468	0.2411520039339335	0.28216780111088186	0.26259455951202615	0.30412984371454904	0.2761601037098429	0.27374869910395566	0.3562466705578576	0.31793077021569366	0.3667590496164913	0.2742546412687499	0.330444361660927	0.33432274637892734	0.3031694015151669	0.3320120473830066	0.40930869927192004	0.3598958508887833
16S_15	0.20364015382045556	0.24486615766998082	0.2206536296788061	0.2201913379733036	0.2795536059684847	0.24576552069133456	0.22553165166123662	0.286213525312494	0.2621309846339105	0.3060811585091846	0.2987480381606721	0.2570349742881276	0.26618565951621975	0.18607057823291603	0.2647041048785734	0.28949767048406916	0.3297107163357794	0.22898339454486785	0.2700267516493968	0.31854969809193	0.26518871378128317	0.0	0.23830073465321897	0.2135992287438925	0.26537231723066457	0.2210835068267195	0.32400085641478027	0.2405834655151734	0.2290143941391239	0.28866006404911054	0.2731668902803516	0.24601853128498752	0.3554687551804584	0.2384285486673881	0.20089550765784178	0.2905775846649573	0.2972898727922999	0.2324653535386902	0.24021385640865733	0.22094783441059676	0.2010781122162077	0.283055744052177	0.2813880631328488	0.35125619817980874	0.29743301506819514	0.25373514381319684	0.2773651256056457	0.3202629098848638	0.2895291733180476	0.24136380566268398	0.2693482427822267	0.24403410598918515	0.28715966206407734	0.25252179088790033	0.24163290860243994	0.2538627807106488	0.21580970462472085	0.36475008783734497	0.32746393243044347	0.29931703067970344	0.29067889199327906	0.29149706005285686	0.2707850177390903	0.2917167161610544	0.3069502996381078	0.2481986664001978	0.24250221105659234	0.24455626818842255	0.2519977735656238	0.235876750059778	0.23405011972167425	0.23202744438972983	0.22546249168810742	0.1579233689539438	0.2485728171573904	0.29788738419899136	0.27754281276802156	0.2734683799195831	0.2787017968625458	0.284338481581057	0.2892781019799483	0.28231285510293946	0.3178363555138312	0.34186836226319955	0.29127790947556204	0.25829852381889856	0.25814762731482316	0.2451834377556073	0.2770956089176796	0.2922245640821548	0.26473487547748237
